35 
204 
540 
310 
190 
88 
60 
32 
250 
431 
233 
135 
90 
112 
36 
149 
297 
147 
82 
19 
22 
26 
92 
216 
119 
73 
48 
50 
32 
273 
541 
285 
173 
67 
48 
47 
348 
852 
388 
165 
69 
35 
40 
255 
403 
376 
133 
59 
69 
34 
143 
335 
169 
75 
39 
30 
16 
98 
243 
83 
31 
30 
16 
31 
321 
493 
227 
211 
88 
76 
33 
169 
393 
208 
102 
58 
29 
50 
363 
849 
612 
243 
169 
120 
23 
139 
335 
169 
105 
48 
58 
16 
131 
377 
129 
87 
65 
47 
28 
137 
253 
86 
38 
24 
21 
36 
191 
398 
181 
86 
54 
27 
28 
147 
213 
264 
97 
70 
45 
33 
96 
229 
110 
45 
9 
3 
12 
159 
300 
109 
81 
40 
40 
31 
164 
376 
154 
111 
39 
29 
23 
113 
272 
133 
67 
30 
17 
18 
95 
167 
112 
56 
41 
29 
13 
24 
50 
15 
3 
1 
1 
13 
91 
88 
47 
34 
9 
6 
16 
64 
106 
44 
34 
16 
10 
41 
229 
501 
254 
122 
59 
40 
40 
222 
335 
238 
100 
47 
32 
38 
214 
376 
249 
115 
60 
68 
15 
41 
128 
49 
27 
7 
15 
23 
135 
258 
98 
63 
24 
19 
29 
153 
299 
147 
72 
52 
40 
27 
156 
249 
143 
60 
20 
17 
25 
98 
112 
75 
23 
11 
5 
12 
116 
136 
58 
34 
16 
22 
22 
89 
235 
101 
47 
17 
10 
31 
139 
215 
99 
34 
10 
5 
18 
93 
165 
81 
46 
20 
20 
24 
147 
238 
75 
29 
9 
5 
15 
70 
103 
55 
36 
19 
12 
20 
99 
181 
194 
63 
40 
47 
5 
26 
39 
9 
12 
4 
2 
8 
58 
148 
67 
36 
16 
24 
13 
76 
117 
56 
34 
14 
21 
23 
105 
157 
76 
31 
14 
19 
1 
1 
1 
1 
1 
1 
1 
1 
1 
1 
1 
1 
1 
1 
25 
82 
179 
52 
20 
12 
11 
17 
91 
113 
92 
21 
14 
8 
10 
64 
77 
19 
18 
12 
9 
15 
67 
147 
45 
30 
13 
5 
25 
92 
126 
53 
30 
17 
14 
11 
50 
106 
15 
7 
4 
4 
32 
180 
345 
345 
147 
55 
51 
12 
31 
24 
11 
4 
2 
1 
4 
37 
120 
27 
15 
8 
9 
3 
28 
59 
19 
6 
3 
1 
16 
86 
145 
68 
51 
32 
20 
1 
1 
1 
1 
1 
1 
1 
1 
1 
1 
1 
1 
1 
1 
12 
65 
98 
61 
54 
42 
34 
17 
101 
196 
60 
37 
24 
17 
17 
87 
192 
73 
41 
28 
34 
18 
72 
67 
61 
35 
23 
16 
24 
93 
138 
71 
30 
16 
14 
12 
44 
89 
33 
30 
11 
9 
16 
79 
138 
51 
25 
17 
6 
10 
41 
48 
42 
27 
19 
19 
5 
15 
30 
18 
3 
7 
1 
1 
13 
34 
30 
48 
29 
19 
5 
15 
15 
18 
14 
9 
6 
5 
22 
29 
16 
16 
10 
11 